1747412139883 0.001 0
1747412151872 0.001 1
1747412164089 0.001 2
1747412175828 0.001 3
1747412187827 0.001 4
1747412200061 0.001 5
1747412212612 0.001 6
1747412224559 0.001 7
1747412236635 0.001 8
1747412248625 0.001 9
1747412260532 0.001 10
1747412272636 0.001 11
1747412284840 0.001 12
1747412297351 0.001 13
1747412309504 0.001 14
1747412321873 0.0005 15
1747412334563 0.0005 16
1747412347354 0.0005 17
1747412360195 0.0005 18
1747412372786 0.0005 19
1747412385193 0.0005 20
1747412397720 0.0005 21
1747412410140 0.0005 22
1747412422938 0.0005 23
1747412435712 0.0005 24
1747412449115 0.0005 25
1747412462988 0.0005 26
1747412476432 0.0005 27
1747412489990 0.0005 28
1747412503644 0.0005 29
1747412517205 0.00025 30
1747412530869 0.00025 31
1747412543890 0.00025 32
1747412556971 0.00025 33
1747412570063 0.00025 34
1747412583102 0.00025 35
1747412596214 0.00025 36
1747412609240 0.00025 37
1747412622543 0.00025 38
1747412635765 0.00025 39
1747412649444 0.00025 40
1747412662720 0.00025 41
1747412675884 0.00025 42
1747412687956 0.00025 43
1747412700949 0.00025 44
1747412714173 0.000125 45
1747412726782 0.000125 46
1747412740043 0.000125 47
1747412753423 0.000125 48
1747412765772 0.000125 49
