1747412139883 6.167204899840787 0
1747412151872 4.5807997809099845 1
1747412164089 4.157309077143008 2
1747412175828 3.8725010488258054 3
1747412187827 3.76054142219963 4
1747412200061 3.7912745871297093 5
1747412212612 3.5297270097706104 6
1747412224559 3.498144909216163 7
1747412236635 3.397993345467749 8
1747412248625 3.3589281129087847 9
1747412260532 3.320778297959326 10
1747412272636 3.248484721025125 11
1747412284840 3.2389897146639233 12
1747412297351 3.1644481605610872 13
1747412309504 3.074965484481642 14
1747412321873 2.8626973706120262 15
1747412334563 2.809257010104696 16
1747412347354 2.775448558180698 17
1747412360195 2.7206717072925812 18
1747412372786 2.7291682251279763 19
1747412385193 2.70490601377875 20
1747412397720 2.675648071408933 21
1747412410140 2.647304187310161 22
1747412422938 2.6466092154411203 23
1747412435712 2.594054254939067 24
1747412449115 2.578797637204366 25
1747412462988 2.5617014226983965 26
1747412476432 2.541542956326673 27
1747412489990 2.516576482330805 28
1747412503644 2.467209890016566 29
1747412517205 2.381959628430841 30
1747412530869 2.3463933452991372 31
1747412543890 2.3354524033016726 32
1747412556971 2.3170381703460503 33
1747412570063 2.2946021904456195 34
1747412583102 2.2989642242737487 35
1747412596214 2.2945680551079417 36
1747412609240 2.2728323421945413 37
1747412622543 2.258557603396682 38
1747412635765 2.2393290391140197 39
1747412649444 2.2295611713928567 40
1747412662720 2.218376584006766 41
1747412675884 2.2193014112175504 42
1747412687956 2.187981682321721 43
1747412700949 2.1969207438765963 44
1747412714173 2.131111756104859 45
1747412726782 2.101167073531865 46
1747412740043 2.1288266535056497 47
1747412753423 2.113386415840297 48
1747412765772 2.113541405654879 49
