1747409494581 0.001 0
1747409507385 0.001 1
1747409520617 0.001 2
1747409534028 0.001 3
1747409546918 0.001 4
1747409559798 0.001 5
1747409572652 0.001 6
1747409585470 0.001 7
1747409598143 0.001 8
1747409610797 0.001 9
1747409623398 0.001 10
1747409636182 0.001 11
1747409648914 0.001 12
1747409661176 0.001 13
1747409674559 0.001 14
1747409686725 0.0005 15
1747409699883 0.0005 16
1747409712598 0.0005 17
1747409725490 0.0005 18
1747409739324 0.0005 19
1747409752876 0.0005 20
1747409766512 0.0005 21
1747409779499 0.0005 22
1747409792702 0.0005 23
1747409805213 0.0005 24
1747409817977 0.0005 25
1747409830533 0.0005 26
1747409843695 0.0005 27
1747409856409 0.0005 28
1747409868882 0.0005 29
1747409881258 0.00025 30
1747409893999 0.00025 31
1747409906858 0.00025 32
1747409919162 0.00025 33
1747409931551 0.00025 34
1747409944039 0.00025 35
1747409955933 0.00025 36
1747409968077 0.00025 37
1747409980587 0.00025 38
1747409992833 0.00025 39
1747410005506 0.00025 40
1747410017630 0.00025 41
1747410030380 0.00025 42
1747410042603 0.00025 43
1747410054487 0.00025 44
1747410066749 0.000125 45
1747410079485 0.000125 46
1747410091261 0.000125 47
1747410103098 0.000125 48
1747410115383 0.000125 49
