1747409494581 6.661958782597963 0
1747409507385 4.779183375637103 1
1747409520617 4.352394265961074 2
1747409534028 3.8712374996566066 3
1747409546918 3.6759767365984466 4
1747409559798 3.5825294077726917 5
1747409572652 3.315878196476568 6
1747409585470 3.2891863386203535 7
1747409598143 3.195183456274586 8
1747409610797 3.1436819003381924 9
1747409623398 3.154493226581933 10
1747409636182 3.064324474048262 11
1747409648914 3.0373264303269094 12
1747409661176 2.9782312277725134 13
1747409674559 2.8639534185201536 14
1747409686725 2.6743148415454434 15
1747409699883 2.6050229205882482 16
1747409712598 2.57103149243071 17
1747409725490 2.5484164061916514 18
1747409739324 2.515402360896747 19
1747409752876 2.4446804708561922 20
1747409766512 2.439860358255848 21
1747409779499 2.424146991340158 22
1747409792702 2.3732786395633507 23
1747409805213 2.3355897272801003 24
1747409817977 2.291647382893095 25
1747409830533 2.256618187575155 26
1747409843695 2.260671766980959 27
1747409856409 2.173120770844426 28
1747409868882 2.12469175749918 29
1747409881258 1.9719471602034437 30
1747409893999 1.929706886107732 31
1747409906858 1.9065573354855923 32
1747409919162 1.885657298586946 33
1747409931551 1.8399857793299417 34
1747409944039 1.810326124846164 35
1747409955933 1.7789046756661533 36
1747409968077 1.7608629271746123 37
1747409980587 1.7187934922753332 38
1747409992833 1.692883001843574 39
1747410005506 1.6698040232861109 40
1747410017630 1.651910060875517 41
1747410030380 1.6226574711350108 42
1747410042603 1.594689910766598 43
1747410054487 1.5527361206669024 44
1747410066749 1.459387181509224 45
1747410079485 1.4403065206713686 46
1747410091261 1.4438148048360335 47
1747410103098 1.4308043430230535 48
1747410115383 1.4044892721277509 49
